55424827036
55424827117
55424828910
55424830730
55424841648
55424847798
55424848382
55424859155
55424867093
55424870015
55424874400
55424874496
55424882807
55424885269
55424890664
55424893030
55424903743
55424903824
55424911681
55424915213
55424919694
55424919775
55424922729
55424930586
55424935862
55424935943
55424941101
55424943109
55424944902
55424961976
55424963613
55424971470
55424979532
55424982243
55424982324
55424986773
55424990181
55424998243
55424998437
55425009987
55425011969
55425016149
55425020815
55425023100
55425028909
55425029363
55425030599
55425036766
55425038322
55425047539
55425052934
55425055300
55425055477
55425057033
55425060791
55425071645
55425086916
55425087677
55425090356
55425094773
55425094854
55425096523
55425103629
55425113010
55425130197
55425130278
55425152451
55425156209
55425164066
55425168370
55425179418
55425191941
55425198048
55425198129
55425209345
55425216748
55425218304
55425220124
55425226161
55425232916
55425235378
55425235459
55425237015
55425240773
55425243220
55425251546
55425263982
55425267659
55425274836
55425276505
55425282693
55425284362
55425286289
55425287148
55425295135
55425295216
55425301075
55425309169
55425313641
55425313722
55425313899
55425329560
55425329641
55425344048
55425348546
55425359319
55425362996
55425367257
55425371842
55425371923
55425379936
55425387874
55425389430
55425390828
55425391250
55425400106
55425404410
55425404587
55425406143
55425420755
55425423298
55425436787
55425442026
55425443964
55425445633
55425455498
55425464344
55425475117
55425478869
55425483055
55425495798
55425495879
55425496463
55425501561
55425505319
55425509817
55425513176
55425517480
55425528528
55425541893
55425547158
55425547239
55425567856
55425569331
55425569412
55425569589
55425571232
55425580110
55425583943
55425591881
55425600656
55425616769
55425623946
55425625615
55425633472
55425635399
55425644326
55425652183
55425657734
55425665591
55425668507
55425676445
55425683848
55425685404
55425699573
55425708429
55425716367
55425720952
55425732503
55425736984
55425738540
55425740360
55425757170
55425757251
55425760011
55425771782
55425771863
55425779957
55425780822
55425787895
55425796741
55425805629
55425813454
55425824227
55425832084
55425832165
55425844989
55425845573
55425848020
55425856427
55425864284
55425868782
55425871687
55425873243
55425879636
55425884016
55425887493
55425889162
55425890221
55425890398
55425900934
55425916885
55425916966
55425918441
55425918522
55425918699
55425920342
55425940991
55425945090
55425959939
55425960723
55425960804
55425967796
55425967877
55425972419
55425976642
55425976723
55425984580
55425995628
55426002292
55426007843
55426007988
55426021197
55426026473
55426026554
55426033957
55426035513
55426049763
55426052587
55426052668
55426054224
55426062081
55426084868
55426089048
55426091964
55426093714
55426110427
55426126378
55426130931
55426138912
55426142546
55426145089
55426146850
55426158320
55426176528
55426176609
55426184466
55426197680
55426201179
55426213939
55426214393
55426218891
55426221700
55426221796
55426223352
55426234206
55426239271
55426242063
55426281553
55426289647
55426292326
55426292407
55426293023
55426299060
55426310832
55426310913
55426314121
55426317986
55426322528
55426326751
55426326832
55426330385
55426338302
55426341158
55426341239
55426345737
55426353594
55426358870
55426358951
55426364367
55426366117
55426367910
55426380503
55426384984
55426386621
55426386798
55426401697
55426401778
55426419253
55426422045
55426433978
55426438158
55426442824
55426452689
55426458775
55426461535
55426469548
55426469629
55426470300
55426473005
55426474943
55426477486
55426479042
55426480165
55426480246
55426492989
55426493654
55426496197
55426507430
55426525719
55426526060
55426533576
55426546790
55426552287
55426566522
55426574460
55426578218
55426586075
55426607092
55426622806
55426630663
55426638757
55426641436
55426641517
55426642133
55426648170
55426651011
55426654925
55426657387
55426657468
55426659024
55426681493
55426685991
55426688907
55426689668
55426696845
55426698514
55426707980
55426713477
55426713558
55426715227
55426735731
55426766057
55426781221
55426788375
55426789266
55426793932
55426801799
55426803404
55426807885
55426810645
55426818739
55426819193
55426822115
55426826500
55426826596
55426828152
55426834907
55426839006
55426842764
55426853618
55426861394
55426861475
55426865973
55426870434
55426881207
55426886353
55426897126
55426901397
55426903066
55426915632
55426915713
55426923570
55426927328
55426935185
55426940580
55426946039
55426961203
55426961299
55426964987
55426969167
55426969248
55426973833
55426973914
55426981690
55426981771
55426985303
55426989784
55426989865
55426989978
55426993241
55427001120
55427003015
55427007496
55427007577
55427009052
55427009133
55427012891
55427014899
55427015451
55427023664
55427023745
55427032704
55427040561
55427048623
55427051334
55427051415
55427056480
55427058488
55427067253
55427067334
55427075191
55427086239
55427090905
55427094096
55427099372
55427099453
55427108228
55427108309
55427116166
55427123569
55427125125
55427131330
55427136800
55427139294
55427150041
55427155430
55427162946
55427173719
55427181576
55427181657
55427183100
55427183326
55427198322
55427201832
55427217751
55427219678
55427219759
55427220543
55427228605
55427236462
55427249870
55427255092
55427255173
55427267997
55427268581
55427274078
55427279354
55427279435
55427286838
55427287292
55427290214
55427294695
55427296251
55427297223
55427305107
55427319276
55427319357
55427331880
55427342928
55427343350
55427348997
55427361558
55427361639
55427371165
55427379259
55427382019
55427383731
55427383812
55427383989
55427387020
55427395427
55427399650
55427399731
55427400525
55427405590
55427407598
55427408506
55427409203
55427416363
55427417060
55427429852
55427435349
55427443110
55427448482
55427448563
55427455966
55427457522
55427466739
55427474500
55427474677
55427476233
55427482907
55427484090
55427490845
55427504540
55427504928
55427522829
55427530767
55427532210
55427551147
55427552940
55427567098
55427571570
55427571651
55427575409
55427579907
55427587570
55427598618
55427604283
55427609834
55427617691
55427623188
55427628464
55427628545
55427635948
55427637504
55427645361
55427654578
55427654659
55427656134
55427656215
55427662420
55427664072
55427670827
55427686859
55427693955
55427695705
55427710668
55427710749
55427720275
55427728369
55427729115
55427731129
55427732841
55427732922
55427736130
55427744537
55427748760
55427748841
55427752394
55427763248
55427767746
55427786376
55427786457
55427788126
55427806632
55427815849
55427823610
55427823787
55427825343
55427844054
55427855987
55427863893
55427864833
55427874698
55427883544
55427895014
55427899495
55427900257
55427905614
55427905808
55427914605
55427920680
55427920761
55427924519
55427936680
55427943149
55427947728
55427951087
55427960046
55427966439
55427968108
55427969901
55427971721
55427974296
55427986975
55427988531
55427988612
55427990351
55427990432
55428006243
55428006324
55428014181
55428036968
55428045814
55428053671
55428055679
55428064525
55428064719
55428072382
55428077933
55428085790
55428091287
55428096563
55428096644
55428097422
55428113276
55428122316
55428129389
55428130173
55428136566
55428138235
55428141027
55428146092
55428152702
55428169689
55428180517
55428189065
55428196468
55428214942
55428216869
55428226412
55428228258
55428233653
55428245123
55428252558
55428254001
55428257834
55428257915
55428265772
55428271269
55428283560
55428283948
55428284483
55428288981
55428291886
55428293442
